5 1 00000000000000000000000000000101
100 1 00000000000000000000000000000101
200 1 00000000000000000000000000000101
192 1 00000000000000000000000000000101
123 1 00000000000000000000000000000101
256 1 00000000000000000000000000000101
10 1 00000000000000000000000000000101
16 1 00000000000000000000000000000101
15 1 00000000000000000000000000000101
24 1 00000000000000000000000000000101
25 1 00000000000000000000000000000101
27 1 00000000000000000000000000000101
29 1 00000000000000000000000000000101
50 1 00000000000000000000000000000101
51 1 00000000000000000000000000000101
67 1 00000000000000000000000000000101
5 0
12 1 00000000000000000000000000010010
25 0